0 0.121875 0.075 0.24296875 0.15
0 0.52578125 0.08359375 0.28828125 0.1671875
0 0.86640625 0.09765625 0.26640625 0.1953125
0 0.6640625 0.20390625 0.265625 0.1921875
0 0.2640625 0.18515625 0.2734375 0.175
0 0.41953125 0.27890625 0.3140625 0.1921875
0 0.06171875 0.234375 0.12265625 0.20390625
0 0.08046875 0.3875 0.1609375 0.1296875
0 0.2859375 0.425 0.28828125 0.1796875
0 0.84375 0.32109375 0.3125 0.1578125
0 0.55546875 0.5015625 0.3328125 0.2171875
0 0.8703125 0.5234375 0.25859375 0.1921875
0 0.86796875 0.74296875 0.26328125 0.20234375
0 0.8625 0.7453125 0.275 0.203125
0 0.6421875 0.63515625 0.2734375 0.1796875
0 0.36640625 0.64765625 0.359375 0.2203125
0 0.13125 0.55234375 0.26171875 0.2046875
0 0.1234375 0.7625 0.246875 0.1796875
0 0.59140625 0.825 0.2921875 0.21484375
0 0.2796875 0.92109375 0.30859375 0.1578125
0 0.06015625 0.925 0.11953125 0.15
0 0.859375 0.925 0.28125 0.15
0 0.5578125 0.93515625 0.3296875 0.1296875