0 0.1390625 0.72578125 0.1125 0.128125
0 0.20390625 0.59921875 0.0921875 0.1
0 0.26484375 0.48828125 0.11015625 0.10703125
0 0.33125 0.3734375 0.0875 0.10703125
0 0.38359375 0.28515625 0.0875 0.1
0 0.4375 0.2109375 0.0953125 0.0640625
0 0.48984375 0.15625 0.075 0.0921875
0 0.2578125 0.6953125 0.11015625 0.11796875
0 0.3859375 0.725 0.09765625 0.09453125
0 0.60234375 0.74765625 0.1046875 0.1
0 0.7296875 0.74140625 0.1 0.1125
0 0.86015625 0.75390625 0.11015625 0.10703125
0 0.49765625 0.68359375 0.0953125 0.1046875
0 0.42890625 0.56015625 0.09765625 0.08203125
0 0.55390625 0.603125 0.1078125 0.096875
0 0.67734375 0.5890625 0.1 0.1
0 0.79609375 0.62109375 0.0921875 0.096875
0 0.61484375 0.465625 0.0953125 0.1125
0 0.71484375 0.5 0.0703125 0.07890625
0 0.5 0.4625 0.11015625 0.1125
0 0.3890625 0.45 0.07734375 0.0921875
0 0.6828125 0.3984375 0.0953125 0.096875
0 0.44375 0.35625 0.0875 0.1046875
0 0.54609375 0.378125 0.07734375 0.10703125
0 0.4859375 0.2734375 0.0828125 0.071875
0 0.60390625 0.2890625 0.0828125 0.0765625
0 0.55234375 0.2109375 0.08515625 0.084375