0 0.58125 0.53046875 0.18203125 0.246875
0 0.49453125 0.6859375 0.18359375 0.2609375
0 0.3125 0.6546875 0.1734375 0.2515625
0 0.41875 0.48828125 0.15234375 0.17265625
0 0.54296875 0.29921875 0.14453125 0.20078125
0 0.46328125 0.36484375 0.15390625 0.16015625
0 0.3015625 0.40234375 0.15546875 0.14375
0 0.25 0.54140625 0.159375 0.225
0 0.09609375 0.6671875 0.14921875 0.23203125
0 0.13984375 0.4875 0.13984375 0.14609375
0 0.21640625 0.3109375 0.125 0.18203125
0 0.125 0.3859375 0.1234375 0.1484375
0 0.0359375 0.384375 0.07109375 0.23203125
0 0.35703125 0.23671875 0.1265625 0.11015625
0 0.4609375 0.221875 0.10703125 0.103125
0 0.59921875 0.2046875 0.09453125 0.09375
0 0.95546875 0.42265625 0.0890625 0.21328125
0 0.8671875 0.68515625 0.15234375 0.18671875
0 0.11328125 0.93203125 0.13984375 0.1359375
0 0.278125 0.940625 0.1703125 0.11875
0 0.03515625 0.91796875 0.06953125 0.1640625
0 0.16015625 0.825 0.17734375 0.1265625
0 0.671875 0.8859375 0.18203125 0.19609375
0 0.79375 0.36171875 0.1203125 0.11484375
0 0.79765625 0.53515625 0.14453125 0.175