0 0.76796875 0.525 0.0375 0.04765625
0 0.72734375 0.51640625 0.04609375 0.04765625
0 0.6421875 0.4921875 0.046875 0.04609375
0 0.603125 0.50703125 0.03671875 0.05
0 0.57734375 0.56015625 0.04296875 0.05859375
0 0.64453125 0.56171875 0.040625 0.059375
0 0.70078125 0.4765625 0.0328125 0.040625
0 0.66875 0.53515625 0.03359375 0.0453125
0 0.69296875 0.43359375 0.03359375 0.04375
0 0.63515625 0.4421875 0.03046875 0.04140625
0 0.69453125 0.55234375 0.03359375 0.04453125
0 0.49921875 0.559375 0.05 0.05546875
0 0.415625 0.57734375 0.034375 0.0453125
0 0.45625 0.5890625 0.040625 0.040625
0 0.44921875 0.515625 0.040625 0.065625
0 0.4125 0.52265625 0.0359375 0.06328125
0 0.496875 0.51484375 0.0375 0.03046875
0 0.53515625 0.55078125 0.0265625 0.05625
0 0.528125 0.5046875 0.0359375 0.0375
0 0.55859375 0.52578125 0.040625 0.053125
0 0.55703125 0.47265625 0.0328125 0.0515625
0 0.6046875 0.46484375 0.040625 0.04609375
0 0.5859375 0.4296875 0.0453125 0.040625
0 0.546875 0.4484375 0.03671875 0.04375
0 0.528125 0.4375 0.0375 0.04140625
0 0.49296875 0.46953125 0.046875 0.05546875
0 0.48515625 0.4390625 0.03515625 0.0359375
0 0.4546875 0.465625 0.03203125 0.0296875