0 0.4078125 0.55078125 0.1046875 0.159375
0 0.15390625 0.734375 0.15078125 0.221875
0 0.434375 0.85390625 0.1765625 0.23359375
0 0.596875 0.72265625 0.15703125 0.2171875
0 0.8875 0.93671875 0.190625 0.1265625
0 0.896875 0.78046875 0.16015625 0.19375
0 0.82109375 0.6453125 0.121875 0.19140625
0 0.94609375 0.4546875 0.0921875 0.125
0 0.88671875 0.5265625 0.103125 0.13828125
0 0.9765625 0.2578125 0.046875 0.084375
0 0.93984375 0.171875 0.03984375 0.0671875
0 0.984375 0.1203125 0.03046875 0.04609375
0 0.89453125 0.07890625 0.0234375 0.04140625
0 0.76328125 0.2734375 0.05859375 0.08984375
0 0.7703125 0.159375 0.03515625 0.05546875
0 0.79765625 0.10078125 0.0234375 0.034375
0 0.853125 0.33046875 0.078125 0.125
0 0.6171875 0.48125 0.0984375 0.1359375
0 0.63203125 0.309375 0.07109375 0.0828125
0 0.4484375 0.38359375 0.084375 0.096875
0 0.5703125 0.2484375 0.05390625 0.08984375
0 0.459375 0.2921875 0.06953125 0.08984375
0 0.60390625 0.18359375 0.04140625 0.0625
0 0.3265625 0.2421875 0.05078125 0.0828125
0 0.3875 0.190625 0.04921875 0.08046875
0 0.45546875 0.15 0.04296875 0.06484375
0 0.25390625 0.39765625 0.0765625 0.125
0 0.17734375 0.35546875 0.078125 0.10625
0 0.2421875 0.1828125 0.06953125 0.06015625
0 0.0328125 0.3015625 0.065625 0.1234375
0 0.30390625 0.09453125 0.03515625 0.05078125
0 0.1328125 0.16484375 0.03828125 0.0578125
0 0.04140625 0.09609375 0.02734375 0.0390625
0 0.0953125 0.103125 0.02734375 0.04375