0 0.48359375 0.60390625 0.3 0.43046875
0 0.22578125 0.9 0.34375 0.19921875
0 0.67734375 0.87109375 0.39375 0.2578125
0 0.778125 0.75234375 0.303125 0.43984375
0 0.9546875 0.67421875 0.08984375 0.43515625
0 0.86953125 0.42109375 0.2609375 0.3390625
0 0.9390625 0.175 0.121875 0.14921875
0 0.92421875 0.04921875 0.1515625 0.09765625
0 0.81953125 0.1078125 0.13828125 0.21484375
0 0.6625 0.1375 0.209375 0.275
0 0.4734375 0.2578125 0.303125 0.33984375
0 0.51015625 0.03828125 0.215625 0.0765625
0 0.25 0.12734375 0.29296875 0.23984375
0 0.109375 0.28125 0.21796875 0.3984375
0 0.2390625 0.58671875 0.26171875 0.43046875
0 0.08671875 0.834375 0.165625 0.33125
0 0.05234375 0.61484375 0.1046875 0.22265625