0 0.78359375 0.73125 0.06484375 0.0625
0 0.76015625 0.4578125 0.071875 0.08984375
0 0.81796875 0.02109375 0.06484375 0.0328125
0 0.41328125 0.0921875 0.08203125 0.03984375
0 0.4921875 0.0984375 0.04765625 0.04765625
0 0.54609375 0.0140625 0.0953125 0.02734375
0 0.38046875 0.28125 0.06484375 0.02734375
0 0.4078125 0.2296875 0.0578125 0.03984375
0 0.2609375 0.44609375 0.04453125 0.0421875
0 0.08046875 0.6609375 0.0578125 0.04765625
0 0.13515625 0.71875 0.071875 0.0328125
0 0.22734375 0.67890625 0.06484375 0.0421875
0 0.39921875 0.71640625 0.04765625 0.02734375