0 0.39765625 0.6421875 0.05234375 0.0453125
0 0.32421875 0.6390625 0.059375 0.040625
0 0.4484375 0.6234375 0.05078125 0.03515625
0 0.503125 0.60625 0.03515625 0.034375
0 0.55234375 0.6765625 0.05703125 0.040625
0 0.565625 0.721875 0.05546875 0.0421875
0 0.509375 0.73671875 0.0609375 0.04296875
0 0.4859375 0.70078125 0.05390625 0.03515625
0 0.4484375 0.6671875 0.053125 0.040625
0 0.51953125 0.64609375 0.0453125 0.02890625
0 0.3921875 0.690625 0.04765625 0.040625
0 0.36171875 0.65703125 0.0390625 0.0375
0 0.30390625 0.6828125 0.05390625 0.03828125
0 0.31171875 0.7296875 0.06484375 0.04453125
0 0.36640625 0.73984375 0.065625 0.0453125
0 0.3234375 0.77265625 0.0375 0.01796875
0 0.36484375 0.7828125 0.053125 0.02890625
0 0.42421875 0.746875 0.05390625 0.04296875
0 0.4609375 0.76796875 0.05390625 0.0421875
0 0.43125 0.71796875 0.0640625 0.028125
0 0.3453125 0.703125 0.0359375 0.0328125