0 0.6234375 0.08125 0.0859375 0.04921875
0 0.54765625 0.09609375 0.05390625 0.0234375
0 0.47578125 0.10078125 0.071875 0.02734375
0 0.43671875 0.07421875 0.06796875 0.04609375
0 0.3546875 0.08203125 0.08203125 0.04609375
0 0.27734375 0.090625 0.08203125 0.03671875
0 0.196875 0.08515625 0.0640625 0.040625
0 0.27109375 0.05078125 0.0703125 0.040625
0 0.3765625 0.0390625 0.0703125 0.028125
0 0.44921875 0.0296875 0.09453125 0.02734375
0 0.5046875 0.0640625 0.0609375 0.03515625
0 0.73203125 0.09453125 0.06640625 0.0359375
0 0.690625 0.07265625 0.0546875 0.0515625
0 0.8015625 0.096875 0.0640625 0.0265625
0 0.74609375 0.0625 0.0640625 0.0390625
0 0.67578125 0.0359375 0.06171875 0.0296875
0 0.5859375 0.0515625 0.06796875 0.03125
0 0.57265625 0.02578125 0.06328125 0.021875