0 0.578125 0.78984375 0.0890625 0.1609375
0 0.696875 0.86875 0.1109375 0.18515625
0 0.8546875 0.93046875 0.12734375 0.1390625
0 0.9203125 0.7015625 0.14453125 0.240625
0 0.95859375 0.46640625 0.0828125 0.1953125
0 0.8859375 0.23828125 0.12265625 0.16796875
0 0.9796875 0.2640625 0.040625 0.16796875
0 0.8390625 0.4328125 0.125 0.16796875
0 0.7671875 0.64921875 0.125 0.1921875
0 0.69453125 0.41796875 0.10078125 0.14921875
0 0.7546875 0.25234375 0.09140625 0.14453125
0 0.64765625 0.5984375 0.103125 0.16328125