0 0.87109375 0.66171875 0.140625 0.16328125
0 0.80703125 0.55234375 0.0765625 0.084375
0 0.740625 0.4953125 0.0640625 0.08671875
0 0.646875 0.475 0.07890625 0.09375
0 0.58125 0.453125 0.05625 0.05546875
0 0.4765625 0.38828125 0.01875 0.0234375
0 0.515625 0.390625 0.0234375 0.04296875
0 0.5484375 0.4078125 0.0359375 0.040625
0 0.07890625 0.41953125 0.0234375 0.0390625
0 0.11328125 0.39375 0.0234375 0.034375
0 0.1421875 0.40703125 0.02734375 0.03359375
0 0.18125 0.3953125 0.025 0.040625
0 0.22109375 0.390625 0.028125 0.028125
0 0.05546875 0.421875 0.03046875 0.040625