0 0.66796875 0.71484375 0.03046875 0.0421875
0 0.6984375 0.71796875 0.02109375 0.04140625
0 0.76015625 0.71953125 0.0296875 0.0359375
0 0.75234375 0.76484375 0.02890625 0.03828125
0 0.73046875 0.78671875 0.03203125 0.03203125
0 0.70859375 0.81796875 0.0265625 0.0421875
0 0.67109375 0.8109375 0.03359375 0.04609375
0 0.63671875 0.8 0.03046875 0.0421875
0 0.60546875 0.79140625 0.03359375 0.0453125
0 0.62265625 0.753125 0.03046875 0.03984375
0 0.6609375 0.76796875 0.03671875 0.03671875
0 0.69140625 0.778125 0.0375 0.02578125
0 0.7171875 0.75625 0.03359375 0.02734375
0 0.6828125 0.74609375 0.02890625 0.03046875
0 0.64921875 0.7390625 0.0328125 0.0265625
0 0.73046875 0.71328125 0.021875 0.03515625
0 0.75703125 0.6859375 0.0265625 0.025
0 0.74609375 0.65703125 0.0265625 0.040625
0 0.71171875 0.6828125 0.0265625 0.03515625
0 0.68515625 0.68203125 0.0203125 0.025
0 0.66796875 0.6609375 0.0328125 0.034375
0 0.6890625 0.6421875 0.0265625 0.03671875
0 0.71171875 0.628125 0.02578125 0.03515625
0 0.67578125 0.61484375 0.03125 0.0265625
0 0.64453125 0.61171875 0.0328125 0.03125
0 0.6203125 0.67734375 0.03046875 0.0453125
0 0.6234375 0.640625 0.02890625 0.03125
0 0.60234375 0.696875 0.0296875 0.04375
0 0.57265625 0.715625 0.03515625 0.03984375
0 0.53984375 0.68203125 0.02578125 0.0265625
0 0.5109375 0.6921875 0.02734375 0.02578125
0 0.5078125 0.665625 0.02890625 0.025
0 0.51640625 0.64140625 0.02578125 0.03125
0 0.53125 0.61953125 0.025 0.03671875
0 0.546875 0.66015625 0.02578125 0.0375
0 0.5578125 0.62890625 0.0328125 0.03046875
0 0.575 0.64921875 0.0296875 0.03515625
0 0.59609375 0.63203125 0.02734375 0.0234375
0 0.4765625 0.75390625 0.0296875 0.03984375
0 0.490625 0.72109375 0.03046875 0.02578125
0 0.5125 0.75078125 0.025 0.0421875
0 0.57890625 0.75625 0.03046875 0.0421875
0 0.63359375 0.71484375 0.03125 0.03515625
0 0.6546875 0.63671875 0.03203125 0.03671875