0 0.39140625 0.61328125 0.31875 0.4828125
0 0.70390625 0.2609375 0.23203125 0.3
0 0.9015625 0.5390625 0.196875 0.31640625
0 0.79609375 0.8546875 0.4078125 0.28515625
0 0.9109375 0.28515625 0.178125 0.19140625
0 0.76953125 0.11328125 0.1875 0.2265625
0 0.91015625 0.134375 0.13984375 0.18515625
0 0.5578125 0.2421875 0.14296875 0.29140625
0 0.4125 0.278125 0.23984375 0.31640625
0 0.15 0.24140625 0.284375 0.390625
0 0.47265625 0.05859375 0.1921875 0.1171875
0 0.24453125 0.04375 0.2 0.0875
0 0.35859375 0.12734375 0.175 0.18046875
0 0.1875 0.615625 0.2125 0.353125
0 0.39921875 0.928125 0.36171875 0.14296875
0 0.1328125 0.81484375 0.265625 0.3703125
0 0.04453125 0.565625 0.0890625 0.2078125
0 0.61875 0.584375 0.16015625 0.35078125
0 0.66328125 0.83828125 0.26171875 0.3234375